[[40, 232, 1716844514378.844], [57, 236, 1716844514520.9102], [96, 236, 1716844514713.6565], [141, 232, 1716844514886.4265], [193, 229, 1716844515038.8306], [253, 221, 1716844515218.5283], [289, 219, 1716844515372.823], [356, 220, 1716844515567.5842], [418, 213, 1716844515728.5605], [475, 214, 1716844515898.404], [509, 218, 1716844516088.5647], [558, 213, 1716844516246.0886], [598, 209, 1716844516405.807]], lr
[[573, 273, 1716844520668.4258], [511, 269, 1716844520811.5615], [465, 271, 1716844520968.3652], [390, 269, 1716844521143.4167], [329, 264, 1716844521288.5037], [284, 258, 1716844521468.4224], [231, 254, 1716844521656.0928], [195, 248, 1716844521793.714], [144, 243, 1716844521986.1804], [107, 248, 1716844522136.0723]], rl
[[179, 303, 1716844524183.6516], [139, 308, 1716844524385.87]], x
[[12, 238, 1716844533676.1707], [36, 239, 1716844533830.9473], [78, 239, 1716844533990.9495], [135, 242, 1716844534135.97], [208, 244, 1716844534282.6152], [266, 247, 1716844534440.7754], [321, 246, 1716844534615.951], [370, 250, 1716844534771.131], [421, 248, 1716844534945.9146], [480, 246, 1716844535130.766], [514, 247, 1716844535283.5222], [566, 249, 1716844535435.118], [611, 254, 1716844535618.411]], lr
[[566, 307, 1716844539028.5205], [514, 305, 1716844539187.2434], [467, 304, 1716844539335.0579], [396, 301, 1716844539480.8972], [336, 295, 1716844539646.0525], [274, 291, 1716844539818.4395], [239, 286, 1716844539979.9443], [199, 286, 1716844540151.2397]], rl
[[137, 402, 1716844543033.5186]], x
[[43, 330, 1716844557191.2493], [91, 315, 1716844557346.257], [139, 304, 1716844557496.3853], [190, 295, 1716844557678.621], [255, 289, 1716844557863.5625], [298, 284, 1716844558003.2698], [355, 285, 1716844558170.803], [423, 297, 1716844558346.4575], [474, 296, 1716844558525.968], [546, 281, 1716844558697.3804], [628, 285, 1716844558860.8955]], lr
[[587, 299, 1716844563188.4946], [540, 298, 1716844563335.984], [484, 301, 1716844563513.377], [443, 303, 1716844563668.46], [380, 301, 1716844563845.9512], [328, 298, 1716844563992.5557], [271, 288, 1716844564176.13], [203, 283, 1716844564362.6643], [151, 278, 1716844564498.72]], rl
[[41, 313, 1716844570705.2124]], x
[[85, 292, 1716844579098.2942], [119, 286, 1716844579237.0784], [165, 277, 1716844579401.1597], [218, 272, 1716844579577.6995], [262, 267, 1716844579725.974], [329, 262, 1716844579911.3137], [376, 265, 1716844580082.8562], [429, 265, 1716844580233.8152], [488, 261, 1716844580413.4197], [532, 256, 1716844580564.1274], [600, 250, 1716844580738.7004]], lr
[[602, 288, 1716844583661.6367], [499, 283, 1716844583841.4482], [398, 273, 1716844584001.7947], [321, 269, 1716844584166.126], [243, 251, 1716844584337.0305], [192, 246, 1716844584490.883], [142, 241, 1716844584635.2803], [92, 242, 1716844584815.8916], [67, 247, 1716844585015.7117]], rl
[[183, 397, 1716844588890.8828], [191, 409, 1716844589080.798], [182, 440, 1716844589257.6245]], x
[[32, 312, 1716844594056.3748], [54, 310, 1716844594196.0798], [84, 307, 1716844594375.885], [126, 302, 1716844594552.0737], [157, 301, 1716844594694.7031], [209, 293, 1716844594883.6028], [263, 286, 1716844595031.2253], [323, 284, 1716844595208.4956], [360, 282, 1716844595363.3245], [421, 275, 1716844595538.6255], [483, 270, 1716844595688.4915], [555, 264, 1716844595881.1702], [619, 261, 1716844596057.029]], lr
[[583, 140, 1716844600313.5164], [556, 145, 1716844600450.863], [511, 141, 1716844600590.8577], [460, 143, 1716844600743.5596], [423, 144, 1716844600901.5757], [369, 149, 1716844601074.9202], [312, 154, 1716844601223.9668], [255, 151, 1716844601404.7212], [209, 155, 1716844601591.0796], [174, 160, 1716844601730.946], [122, 153, 1716844601908.3518]], rl
[[205, 356, 1716844610055.9], [301, 361, 1716844610196.277], [330, 384, 1716844610368.6094]], x
[[302, 427, 1716844610607.428]], x
[[93, 239, 1716844622823.3215], [119, 234, 1716844622964.6897], [162, 232, 1716844623143.3452], [214, 226, 1716844623305.9214], [271, 222, 1716844623481.7068], [310, 216, 1716844623618.678], [383, 211, 1716844623811.3672], [458, 219, 1716844623961.4116], [547, 221, 1716844624144.9119], [621, 219, 1716844624330.979]], lr
[[612, 257, 1716844627603.2356], [519, 256, 1716844627817.6897], [457, 261, 1716844627990.9963], [416, 260, 1716844628138.492], [364, 258, 1716844628323.251], [320, 258, 1716844628472.0645], [281, 250, 1716844628648.628], [254, 245, 1716844628800.8538], [213, 245, 1716844628953.7559], [177, 246, 1716844629133.6707], [144, 248, 1716844629320.8792], [104, 256, 1716844629497.1328]], rl
[[161, 290, 1716844635615.9897]], x
[[45, 266, 1716844635978.3992], [69, 281, 1716844636133.9102]], x
[[58, 278, 1716844639674.3022], [95, 273, 1716844639925.8777], [159, 262, 1716844640131.5007], [218, 260, 1716844640316.974], [281, 257, 1716844640500.7285], [322, 261, 1716844640664.358], [393, 262, 1716844640839.2476], [514, 250, 1716844641066.9324], [590, 255, 1716844641241.9153]], lr
[[568, 310, 1716844644810.96], [519, 306, 1716844644966.6653], [484, 307, 1716844645176.6213], [388, 295, 1716844645374.2085], [337, 284, 1716844645572.9956], [315, 278, 1716844645728.0247], [275, 266, 1716844645886.5635], [227, 261, 1716844646049.117], [195, 259, 1716844646220.5554], [170, 258, 1716844646386.4976], [132, 255, 1716844646569.084], [77, 260, 1716844646730.8723]], rl
[[47, 232, 1716844652094.1357], [91, 232, 1716844652244.0588], [141, 225, 1716844652415.9158], [179, 224, 1716844652568.4385], [243, 220, 1716844652745.9067], [295, 216, 1716844652896.7122], [346, 218, 1716844653079.2983], [409, 223, 1716844653276.6348], [455, 226, 1716844653451.6794], [530, 228, 1716844653601.8494], [593, 227, 1716844653756.6995]], lr
[[614, 304, 1716844657566.7969], [575, 305, 1716844657711.6877], [534, 302, 1716844657884.1228], [506, 302, 1716844658038.5186], [458, 301, 1716844658216.0405], [405, 295, 1716844658394.1936], [344, 286, 1716844658556.673], [290, 280, 1716844658734.2131], [252, 269, 1716844658881.75], [198, 262, 1716844659036.0498], [169, 261, 1716844659211.5005], [111, 265, 1716844659359.4023], [85, 278, 1716844659545.5237]], rl
[[109, 254, 1716844667084.2114], [148, 248, 1716844667271.5698], [212, 242, 1716844667430.8608], [284, 240, 1716844667596.6233], [365, 245, 1716844667760.9185], [441, 237, 1716844667931.0303], [500, 239, 1716844668089.2056], [570, 249, 1716844668243.4011]], lr
[[620, 284, 1716844671508.9546], [596, 281, 1716844671659.024], [544, 285, 1716844671834.1863], [493, 286, 1716844672024.7896], [453, 288, 1716844672164.1191], [384, 286, 1716844672340.7576], [321, 281, 1716844672506.875], [260, 277, 1716844672679.899], [223, 276, 1716844672826.9287], [177, 270, 1716844673010.104], [144, 266, 1716844673160.7568], [117, 258, 1716844673336.9448], [92, 269, 1716844673529.5464]], rl
[[95, 243, 1716844676119.219], [86, 251, 1716844676254.202]], x
[[46, 242, 1716844679579.243], [81, 240, 1716844679749.4539], [128, 235, 1716844679898.1416], [181, 235, 1716844680085.6506], [250, 233, 1716844680267.0283], [294, 228, 1716844680407.4502], [363, 218, 1716844680561.1665], [429, 214, 1716844680749.0322], [501, 223, 1716844680919.1182], [550, 224, 1716844681064.1404], [609, 222, 1716844681254.1062]], lr
[[514, 274, 1716844683814.1074], [436, 269, 1716844683996.904], [384, 267, 1716844684149.3608], [324, 273, 1716844684311.7922], [271, 263, 1716844684474.2131], [213, 257, 1716844684651.6953], [173, 253, 1716844684809.0034], [121, 260, 1716844684982.0815]], rl
[[49, 240, 1716844687677.4966], [88, 236, 1716844687809.0916], [157, 228, 1716844687986.8857], [230, 227, 1716844688137.1157], [314, 230, 1716844688315.846], [379, 227, 1716844688466.0493], [452, 233, 1716844688615.4763], [545, 246, 1716844688796.9297], [597, 264, 1716844688984.2778]], lr
[[475, 281, 1716844691529.3757], [398, 278, 1716844691744.3848], [316, 279, 1716844691986.488], [267, 266, 1716844692171.7893], [232, 262, 1716844692348.0212], [211, 256, 1716844692510.239], [153, 260, 1716844692715.716], [126, 261, 1716844692874.6475], [84, 271, 1716844693044.2761]], rl
[[55, 281, 1716844695555.7725], [120, 273, 1716844695721.802], [185, 260, 1716844695899.4414], [242, 254, 1716844696039.494], [330, 274, 1716844696201.814], [402, 265, 1716844696376.7927], [469, 267, 1716844696531.9238], [557, 274, 1716844696707.9768]], lr
[[556, 264, 1716844702884.1406], [500, 254, 1716844703059.4102], [445, 247, 1716844703211.5398], [407, 244, 1716844703376.872], [351, 245, 1716844703528.0227], [308, 245, 1716844703694.8816], [272, 235, 1716844703851.7302], [230, 233, 1716844704021.5703], [205, 228, 1716844704169.396], [169, 227, 1716844704364.2246]], rl
[[120, 240, 1716844707144.9468], [164, 237, 1716844707290.248], [219, 238, 1716844707479.0205], [288, 240, 1716844707626.6396], [359, 249, 1716844707812.2993], [431, 247, 1716844707994.4558], [482, 248, 1716844708139.2974], [553, 252, 1716844708314.3982]], lr
[[586, 314, 1716844711269.05], [536, 300, 1716844711445.8267], [489, 288, 1716844711591.8013], [422, 285, 1716844711769.5344], [343, 290, 1716844711961.7156], [291, 289, 1716844712100.8347], [204, 286, 1716844712274.2327], [164, 280, 1716844712442.9343]], rl
[[69, 286, 1716844715139.2224], [106, 278, 1716844715290.64], [181, 271, 1716844715444.2644], [254, 273, 1716844715593.17], [346, 277, 1716844715751.884]], lr
[[446, 269, 1716844716011.6501], [498, 267, 1716844716185.7036], [547, 265, 1716844716336.5398]], x
[[620, 303, 1716844718816.6929], [595, 292, 1716844718954.248], [558, 293, 1716844719091.8892], [515, 288, 1716844719239.363], [474, 282, 1716844719415.7998], [447, 280, 1716844719559.295], [397, 285, 1716844719746.5466], [336, 288, 1716844719921.5864], [282, 284, 1716844720071.8098], [220, 283, 1716844720251.7976], [194, 281, 1716844720404.903]], rl
[[72, 281, 1716844722816.897], [126, 272, 1716844722970.798], [178, 262, 1716844723144.2263], [220, 255, 1716844723291.0344], [277, 256, 1716844723476.0305], [348, 273, 1716844723649.6116], [393, 273, 1716844723821.846], [458, 267, 1716844723986.5532], [500, 264, 1716844724137.071], [558, 263, 1716844724311.5217]], lr
[[549, 284, 1716844726951.7583], [468, 274, 1716844727164.046], [403, 270, 1716844727321.5798], [343, 270, 1716844727484.7566], [294, 270, 1716844727659.4016], [254, 265, 1716844727814.2246], [197, 265, 1716844727990.6838], [207, 288, 1716844728141.3005]], rl
[[96, 274, 1716844731019.4294], [135, 263, 1716844731177.9622], [197, 254, 1716844731334.0706], [266, 253, 1716844731510.497], [342, 270, 1716844731706.7302], [399, 269, 1716844731869.2905], [445, 266, 1716844732019.5554], [503, 266, 1716844732170.739], [553, 263, 1716844732344.2827]], lr
[[590, 311, 1716844735834.2698], [559, 310, 1716844736024.2266], [530, 304, 1716844736169.1003], [479, 298, 1716844736348.0955], [428, 295, 1716844736503.0474], [374, 295, 1716844736683.9233], [322, 289, 1716844736871.9558], [293, 280, 1716844737028.1384], [244, 275, 1716844737194.6023], [200, 271, 1716844737348.133]], rl
[[59, 300, 1716844740048.3345], [102, 301, 1716844740189.479], [161, 289, 1716844740344.866], [210, 292, 1716844740501.5276], [276, 291, 1716844740677.2334], [344, 289, 1716844740825.751], [393, 289, 1716844741005.9558], [448, 289, 1716844741191.6384], [484, 289, 1716844741331.889]], lr
[[287, 300, 1716844745216.567], [264, 297, 1716844745366.638], [227, 292, 1716844745546.9006], [178, 288, 1716844745706.8447], [123, 286, 1716844745882.0276], [91, 292, 1716844746024.645]], rl
[[98, 309, 1716844748824.1052], [157, 300, 1716844748966.9426], [205, 295, 1716844749130.5552], [239, 294, 1716844749274.199], [299, 296, 1716844749434.52], [355, 303, 1716844749608.4265], [393, 306, 1716844749751.6694], [457, 305, 1716844749936.702], [525, 303, 1716844750114.1033], [583, 302, 1716844750276.647]], lr
[[596, 172, 1716844752935.7683], [543, 167, 1716844753095.5898], [508, 165, 1716844753244.176], [457, 167, 1716844753401.8267], [403, 167, 1716844753575.8562], [371, 169, 1716844753734.6191], [329, 172, 1716844753906.4927], [278, 179, 1716844754056.042], [224, 180, 1716844754236.618], [175, 182, 1716844754423.2815]], rl
[[65, 163, 1716844757379.273], [119, 156, 1716844757518.3616], [179, 152, 1716844757676.8528], [236, 152, 1716844757849.2808], [282, 155, 1716844757995.7524], [349, 167, 1716844758180.4805], [415, 173, 1716844758354.1587], [481, 171, 1716844758505.6086], [545, 169, 1716844758696.9402], [584, 173, 1716844758834.8003]], lr
[[545, 413, 1716844761984.1628], [512, 419, 1716844762149.9468], [490, 412, 1716844762299.086], [456, 404, 1716844762479.5127], [405, 402, 1716844762665.4893], [367, 402, 1716844762806.7507], [313, 402, 1716844762961.6284], [250, 403, 1716844763145.7761], [187, 402, 1716844763324.204]], rl
[[71, 420, 1716844766018.2014], [115, 417, 1716844766187.041], [192, 410, 1716844766400.616], [238, 402, 1716844766559.5264]], x
[[570, 228, 1716844770778.3938], [532, 226, 1716844770934.0608], [478, 223, 1716844771108.0508], [414, 223, 1716844771256.6409], [338, 229, 1716844771439.1455], [271, 229, 1716844771624.7007], [210, 232, 1716844771769.5166]], rl
[[91, 283, 1716844774874.027], [154, 270, 1716844775049.5842], [190, 266, 1716844775201.6914], [243, 264, 1716844775384.2622], [306, 266, 1716844775529.4458], [382, 278, 1716844775709.5388], [465, 278, 1716844775896.661], [535, 283, 1716844776034.2715]], lr
[[587, 308, 1716844778264.0823], [534, 306, 1716844778450.842], [474, 298, 1716844778601.708], [415, 302, 1716844778777.0063], [374, 300, 1716844778932.7603], [318, 296, 1716844779106.753], [247, 296, 1716844779255.8796]], rl
[[113, 304, 1716844781509.4473], [183, 301, 1716844781674.1218], [262, 301, 1716844781849.314], [321, 306, 1716844781999.381], [387, 307, 1716844782179.3906], [468, 307, 1716844782356.1436], [537, 301, 1716844782505.6724]], lr
[[316, 369, 1716844785067.021], [258, 329, 1716844785205.6655], [216, 322, 1716844785337.1392], [178, 320, 1716844785514.4224], [152, 315, 1716844785666.799], [109, 321, 1716844785841.6162]], x
[[340, 353, 1716844786693.1277], [363, 354, 1716844786840.8005], [374, 361, 1716844787018.3914], [375, 359, 1716844787174.2021], [377, 362, 1716844787356.4814]], x
[[69, 301, 1716844788821.7852], [130, 285, 1716844788959.3564], [198, 278, 1716844789129.2751], [239, 276, 1716844789274.352], [309, 283, 1716844789441.7112]], lr
[[410, 289, 1716844789696.7637], [502, 294, 1716844789849.1858], [544, 301, 1716844789995.9895]], x
[[587, 357, 1716844791898.961], [458, 338, 1716844792076.5042], [394, 316, 1716844792251.764], [352, 309, 1716844792416.4548], [290, 314, 1716844792586.8813], [198, 323, 1716844792740.8699]], rl
[[38, 273, 1716844794766.7285], [61, 278, 1716844794904.0266], [125, 276, 1716844795046.6016], [194, 272, 1716844795199.6228], [264, 269, 1716844795384.1829], [334, 266, 1716844795560.1233], [376, 273, 1716844795706.577], [455, 277, 1716844795894.0813], [529, 280, 1716844796041.34], [577, 278, 1716844796181.598]], lr
[[554, 286, 1716844798114.432], [501, 277, 1716844798266.8738], [438, 275, 1716844798440.7488], [394, 275, 1716844798596.1548], [334, 274, 1716844798771.6858], [283, 271, 1716844798924.3887], [206, 270, 1716844799113.2476], [125, 281, 1716844799289.1467]], rl
[[57, 361, 1716844799666.0315]], x
[[123, 261, 1716844801808.1848], [191, 249, 1716844801952.0107], [259, 246, 1716844802121.9966], [331, 246, 1716844802296.829], [379, 253, 1716844802444.13], [453, 255, 1716844802599.566], [527, 254, 1716844802776.504], [567, 256, 1716844802929.4065]], lr
[[607, 295, 1716844805173.052], [539, 297, 1716844805329.4607], [468, 293, 1716844805506.7444], [396, 293, 1716844805660.4744], [331, 290, 1716844805849.005], [292, 293, 1716844806023.3506], [258, 288, 1716844806176.9583], [206, 281, 1716844806351.705]], rl
[[31, 300, 1716844808476.739], [67, 303, 1716844808644.5198], [113, 292, 1716844808816.7524], [169, 284, 1716844808969.244], [236, 282, 1716844809151.7312], [283, 280, 1716844809298.277], [353, 291, 1716844809471.7642], [424, 284, 1716844809640.415], [505, 284, 1716844809815.7593], [552, 284, 1716844809959.447]], lr
[[578, 305, 1716844812312.0981], [525, 300, 1716844812457.002], [484, 296, 1716844812636.789], [444, 296, 1716844812825.543], [425, 295, 1716844812967.0486], [402, 292, 1716844813157.6243], [358, 291, 1716844813304.1987], [310, 295, 1716844813481.7546], [276, 295, 1716844813636.021], [225, 295, 1716844813811.541], [179, 298, 1716844813960.8918]], rl
[[81, 297, 1716844816007.7134], [128, 291, 1716844816141.7058], [171, 284, 1716844816314.8186], [208, 285, 1716844816459.1611], [272, 287, 1716844816645.7305], [340, 293, 1716844816818.387], [386, 293, 1716844816969.0933], [442, 287, 1716844817149.3508], [479, 281, 1716844817320.728], [531, 283, 1716844817481.702], [574, 289, 1716844817639.5613]], lr
[[614, 298, 1716844820341.7202], [585, 289, 1716844820479.3435], [544, 275, 1716844820636.829], [505, 262, 1716844820825.7737], [475, 252, 1716844820964.2578], [424, 247, 1716844821156.5806], [371, 250, 1716844821304.4062], [314, 267, 1716844821479.3108], [290, 259, 1716844821636.826], [226, 249, 1716844821809.1687], [172, 246, 1716844821959.0664], [131, 251, 1716844822141.9934]], rl
[[33, 320, 1716844824215.632], [76, 302, 1716844824354.342], [120, 293, 1716844824490.97], [157, 276, 1716844824674.4414], [203, 258, 1716844824856.6619], [258, 262, 1716844825031.9788], [295, 272, 1716844825170.778], [349, 288, 1716844825336.6313], [403, 285, 1716844825526.999], [435, 280, 1716844825669.4707], [469, 268, 1716844825844.1194], [496, 256, 1716844825994.1252], [521, 256, 1716844826199.215], [547, 266, 1716844826398.9785], [563, 274, 1716844826549.0618], [590, 279, 1716844826699.1655], [610, 289, 1716844826844.0535]], lr
[[600, 308, 1716844829267.0022], [579, 307, 1716844829396.7046], [552, 299, 1716844829544.952], [538, 297, 1716844829689.94], [511, 294, 1716844829877.377], [484, 287, 1716844830046.7358], [442, 285, 1716844830199.1047], [389, 285, 1716844830381.8179], [353, 287, 1716844830531.7634], [313, 289, 1716844830708.864], [275, 292, 1716844830871.9255], [238, 288, 1716844831049.2458]], rl
[[89, 321, 1716844832971.6455], [122, 308, 1716844833155.341], [151, 301, 1716844833310.9255], [201, 297, 1716844833479.0781], [246, 294, 1716844833637.0105], [287, 292, 1716844833819.5566], [322, 293, 1716844833996.8315], [345, 296, 1716844834164.1035], [390, 299, 1716844834326.9119], [430, 303, 1716844834477.093], [476, 292, 1716844834649.0928], [506, 285, 1716844834821.4368], [544, 278, 1716844834966.6907]], lr
[[613, 329, 1716844837529.1733], [566, 315, 1716844837671.7864], [532, 310, 1716844837850.6455], [498, 308, 1716844838025.6353], [466, 311, 1716844838166.7603], [388, 313, 1716844838358.142], [319, 315, 1716844838506.8462], [260, 312, 1716844838681.4592], [212, 314, 1716844838835.4639], [134, 315, 1716844839010.4214]], rl
[[63, 291, 1716844841011.644], [109, 282, 1716844841174.8394], [158, 279, 1716844841336.6726], [219, 280, 1716844841511.8806], [263, 275, 1716844841656.5457], [322, 288, 1716844841844.297], [377, 307, 1716844842022.9316], [432, 299, 1716844842168.0063], [485, 285, 1716844842359.1328], [522, 281, 1716844842496.6943], [568, 290, 1716844842671.673], [609, 288, 1716844842840.824]], lr
[[608, 285, 1716844845020.6196], [568, 297, 1716844845176.6965], [536, 311, 1716844845334.0278], [482, 320, 1716844845505.7832], [416, 339, 1716844845659.4417], [339, 371, 1716844845849.1619], [268, 371, 1716844846025.9304], [227, 364, 1716844846164.106], [170, 358, 1716844846354.6938], [134, 339, 1716844846506.9258], [114, 323, 1716844846679.3213], [94, 311, 1716844846835.524]], rl
[[89, 343, 1716844848520.829], [145, 325, 1716844848664.232], [216, 321, 1716844848844.7664], [257, 315, 1716844848994.4302], [317, 315, 1716844849176.6084], [378, 306, 1716844849335.9485], [451, 297, 1716844849511.6282], [498, 294, 1716844849657.019], [554, 289, 1716844849844.115]], lr
[[581, 327, 1716844852489.5437], [526, 332, 1716844852641.6702], [465, 332, 1716844852824.3748], [428, 326, 1716844852966.0713], [377, 319, 1716844853144.8923], [328, 309, 1716844853304.7117], [279, 306, 1716844853479.2288], [240, 310, 1716844853621.6326]], rl
[[89, 334, 1716844855645.362], [143, 322, 1716844855843.9844], [187, 320, 1716844856030.5723], [226, 319, 1716844856206.5864], [277, 319, 1716844856388.8928], [335, 319, 1716844856601.7295], [445, 322, 1716844856821.6936], [501, 325, 1716844856996.8481], [566, 328, 1716844857171.7175]], lr
[[580, 357, 1716844859517.8975], [538, 351, 1716844859655.5874], [501, 348, 1716844859802.6567], [485, 345, 1716844859975.749], [459, 342, 1716844860121.9985], [391, 338, 1716844860311.102], [317, 336, 1716844860456.6062], [241, 334, 1716844860641.7156], [145, 320, 1716844860826.1018]], rl
[[94, 336, 1716844862344.3489], [139, 330, 1716844862491.624], [189, 322, 1716844862646.797], [249, 324, 1716844862808.9998], [322, 326, 1716844862988.5024], [370, 319, 1716844863131.7915], [445, 331, 1716844863314.143], [515, 337, 1716844863491.5823], [578, 341, 1716844863639.1125]], lr
[[567, 287, 1716844866021.1074], [507, 284, 1716844866168.6401], [450, 285, 1716844866349.3845], [414, 286, 1716844866497.9155], [351, 285, 1716844866674.8545], [293, 286, 1716844866833.3098]], rl
[[47, 278, 1716844868855.6672], [84, 273, 1716844868999.2764], [141, 266, 1716844869144.3894], [197, 264, 1716844869309.5132], [264, 267, 1716844869479.4292], [311, 271, 1716844869624.7183], [375, 270, 1716844869814.3972], [443, 270, 1716844869986.9402], [513, 272, 1716844870136.9746], [576, 276, 1716844870329.3787]], lr
[[593, 356, 1716844872296.7576], [548, 347, 1716844872435.7473], [498, 336, 1716844872602.9475], [443, 328, 1716844872791.9387], [398, 324, 1716844872929.736], [332, 320, 1716844873106.6838], [242, 328, 1716844873274.3796], [172, 316, 1716844873449.273]], rl
[[106, 337, 1716844875056.5503], [182, 328, 1716844875221.7678], [248, 324, 1716844875374.2776], [312, 323, 1716844875560.6812], [351, 324, 1716844875696.8809], [415, 318, 1716844875874.496], [471, 313, 1716844876041.4578], [520, 311, 1716844876216.6218], [552, 314, 1716844876359.2327]], lr
[[581, 341, 1716844878431.9543], [530, 330, 1716844878571.0513], [482, 317, 1716844878745.9775], [450, 313, 1716844878891.5432], [399, 311, 1716844879076.9275], [332, 308, 1716844879250.905], [267, 310, 1716844879399.5293], [196, 318, 1716844879579.3635], [159, 319, 1716844879729.4226]], rl
[[363, 301, 1716844882352.4485], [396, 306, 1716844882498.6846], [443, 306, 1716844882676.8918], [490, 309, 1716844882830.3918], [528, 315, 1716844883016.6462], [573, 320, 1716844883191.6082]], lr
[[570, 350, 1716844885710.5452], [505, 347, 1716844885850.5476], [438, 339, 1716844886025.8384], [384, 331, 1716844886164.1096], [318, 321, 1716844886351.9072], [252, 317, 1716844886506.8506], [176, 315, 1716844886681.7537]], rl
[[37, 264, 1716844888301.7368], [95, 262, 1716844888439.068], [148, 266, 1716844888608.9863], [206, 262, 1716844888794.2185], [254, 267, 1716844888931.5508], [327, 277, 1716844889104.1506], [395, 284, 1716844889271.758], [462, 289, 1716844889448.3372], [499, 293, 1716844889594.2493], [545, 302, 1716844889780.3882]], lr
[[574, 363, 1716844892116.6008], [517, 356, 1716844892281.6438], [469, 349, 1716844892456.6575], [429, 347, 1716844892599.3455], [366, 346, 1716844892786.5466], [298, 334, 1716844892939.0793], [219, 330, 1716844893114.6123], [170, 327, 1716844893264.931]], rl
[[108, 277, 1716844894916.7744], [167, 268, 1716844895051.318], [224, 266, 1716844895226.5771], [264, 268, 1716844895367.0283], [319, 278, 1716844895554.4722], [374, 283, 1716844895704.3145], [429, 286, 1716844895881.5227], [470, 281, 1716844896036.6584], [524, 276, 1716844896211.8157], [569, 276, 1716844896359.4048], [605, 278, 1716844896553.0781], [615, 294, 1716844896729.0273]], lr
[[594, 332, 1716844898623.9001], [552, 333, 1716844898830.1238], [508, 327, 1716844899005.7197], [483, 326, 1716844899170.785], [406, 323, 1716844899378.6387], [352, 319, 1716844899563.3652], [314, 312, 1716844899749.4011], [206, 311, 1716844899975.4373], [165, 303, 1716844900158.3174]], rl
[[72, 285, 1716844902208.0188], [125, 279, 1716844902403.7725], [164, 279, 1716844902553.8884], [236, 278, 1716844902716.6904], [306, 280, 1716844902863.883], [373, 283, 1716844903041.4958], [434, 280, 1716844903241.3223], [480, 281, 1716844903387.0427]], lr
[[546, 319, 1716844905951.674], [500, 313, 1716844906096.7522], [433, 308, 1716844906241.5334], [351, 312, 1716844906410.787], [298, 311, 1716844906570.3594]], rl
[[106, 276, 1716844908698.9048], [145, 272, 1716844908848.6675], [209, 269, 1716844909001.3796], [270, 269, 1716844909177.041], [310, 274, 1716844909326.3496], [373, 279, 1716844909508.8777], [423, 279, 1716844909681.7883], [485, 277, 1716844909834.2837]], lr
[[533, 321, 1716844912253.6978], [473, 326, 1716844912400.467], [414, 326, 1716844912546.9238], [354, 324, 1716844912730.4138], [309, 323, 1716844912869.5266], [241, 320, 1716844913060.743]], rl
[[79, 282, 1716844914864.1096], [142, 270, 1716844915046.461], [207, 264, 1716844915219.413], [278, 266, 1716844915368.235], [354, 279, 1716844915546.5896], [396, 285, 1716844915698.8633], [461, 276, 1716844915874.6477], [523, 281, 1716844916028.7595], [583, 292, 1716844916216.3667]], lr
[[586, 358, 1716844918139.0676], [526, 359, 1716844918295.4329], [489, 365, 1716844918451.7131], [428, 370, 1716844918606.4656], [356, 366, 1716844918758.7146], [280, 366, 1716844918923.9355], [215, 354, 1716844919072.9827], [147, 349, 1716844919253.6614]], rl
[[114, 329, 1716844920860.5574], [181, 322, 1716844921018.2256], [224, 319, 1716844921171.515], [291, 311, 1716844921321.39], [366, 312, 1716844921513.0337], [455, 320, 1716844921687.9167], [509, 319, 1716844921829.6597], [567, 328, 1716844922020.4517], [603, 351, 1716844922169.455]], lr
[[570, 197, 1716844924279.4375], [510, 190, 1716844924486.2476], [455, 184, 1716844924643.9797], [395, 181, 1716844924818.0933], [342, 182, 1716844924966.5034], [257, 188, 1716844925141.5684]], rl
[[55, 205, 1716844927041.8638], [108, 190, 1716844927180.6736], [144, 185, 1716844927316.2708], [194, 182, 1716844927495.7627], [244, 183, 1716844927643.1565], [285, 183, 1716844927799.0083], [349, 185, 1716844927973.9282], [410, 191, 1716844928118.9927], [475, 195, 1716844928300.4673]], lr
[[615, 202, 1716844930384.0925], [544, 193, 1716844930541.5813], [460, 176, 1716844930748.2449], [389, 166, 1716844930926.3123], [330, 161, 1716844931077.7788], [266, 173, 1716844931259.1628]], rl
[[177, 182, 1716844931598.8127]], x
[[132, 190, 1716844933318.8462], [184, 188, 1716844933511.5034], [239, 187, 1716844933679.1892], [300, 188, 1716844933831.338], [367, 189, 1716844934016.6067], [411, 193, 1716844934163.904]], lr
[[596, 259, 1716844936416.9473], [546, 257, 1716844936548.756], [497, 250, 1716844936728.8906], [467, 245, 1716844936866.7383], [420, 234, 1716844937022.6257], [356, 227, 1716844937216.433], [293, 232, 1716844937396.148], [218, 232, 1716844937558.9197]], rl
[[118, 211, 1716844939329.0564], [179, 206, 1716844939498.7258], [218, 203, 1716844939638.8008], [277, 205, 1716844939791.2336], [338, 202, 1716844939977.6514], [407, 203, 1716844940154.0657], [454, 206, 1716844940297.829], [523, 218, 1716844940486.3843], [580, 230, 1716844940659.1262]], lr
[[587, 246, 1716844942470.6301], [533, 239, 1716844942649.0142], [483, 232, 1716844942799.2957], [432, 224, 1716844942983.8337], [375, 218, 1716844943158.8467], [334, 218, 1716844943306.4202], [274, 220, 1716844943491.6333]], rl
[[172, 233, 1716844945466.8928], [239, 227, 1716844945636.9211], [276, 225, 1716844945783.6624], [335, 228, 1716844945959.629]], x
[[614, 245, 1716844947871.3975], [591, 243, 1716844948004.0093], [533, 240, 1716844948181.249], [469, 242, 1716844948327.692], [390, 238, 1716844948511.8474], [322, 237, 1716844948696.676], [284, 239, 1716844948833.8655]], rl
[[14, 362, 1716844950331.7156], [41, 310, 1716844950469.0037], [96, 293, 1716844950617.1323], [133, 286, 1716844950764.0178], [180, 274, 1716844950947.7407], [223, 269, 1716844951096.2815], [277, 266, 1716844951276.4734], [332, 261, 1716844951466.3462], [366, 265, 1716844951599.081], [415, 259, 1716844951764.079], [483, 264, 1716844951946.5095]], lr
[[590, 277, 1716844954106.5652], [534, 269, 1716844954283.3403], [490, 263, 1716844954437.6353], [419, 258, 1716844954583.783], [349, 255, 1716844954760.8647], [278, 253, 1716844954953.889], [178, 255, 1716844955130.355], [124, 255, 1716844955277.896]], rl
[[61, 279, 1716844957311.4902], [112, 272, 1716844957479.1057], [162, 267, 1716844957656.92], [194, 266, 1716844957804.096], [246, 262, 1716844957990.7134], [310, 259, 1716844958136.3628], [369, 258, 1716844958313.3933], [406, 253, 1716844958467.5718], [457, 260, 1716844958641.5562]], lr
[[123, 305, 1716844963896.2524], [180, 296, 1716844964043.8672], [229, 292, 1716844964218.8953], [277, 293, 1716844964397.97], [315, 293, 1716844964546.683], [370, 289, 1716844964728.9915], [431, 296, 1716844964895.075], [491, 366, 1716844965060.5078]], lr
[[612, 265, 1716844966773.2012], [565, 266, 1716844966927.973], [500, 258, 1716844967082.7979], [424, 254, 1716844967234.0703], [372, 253, 1716844967390.2834], [299, 252, 1716844967566.4663], [236, 249, 1716844967714.389], [170, 243, 1716844967883.0874]], rl
[[44, 390, 1716844969389.0698], [82, 362, 1716844969544.5022], [138, 336, 1716844969717.0537], [190, 321, 1716844969896.954], [249, 304, 1716844970041.9082], [312, 295, 1716844970217.7903], [347, 292, 1716844970373.2136], [402, 291, 1716844970524.1216], [464, 282, 1716844970711.5986], [529, 271, 1716844970886.4329], [566, 268, 1716844971029.109], [610, 273, 1716844971216.536]], lr
[[579, 299, 1716844972958.9517], [515, 289, 1716844973119.09], [472, 283, 1716844973268.776], [401, 278, 1716844973448.757], [325, 279, 1716844973624.2498], [270, 279, 1716844973770.6973], [215, 278, 1716844973960.1448], [163, 271, 1716844974098.745]], rl
[[66, 373, 1716844975753.2292], [111, 358, 1716844975909.098], [164, 346, 1716844976056.7095], [217, 335, 1716844976233.1013], [286, 333, 1716844976426.3125], [337, 331, 1716844976562.9172], [399, 327, 1716844976744.4963], [472, 316, 1716844976903.8296], [522, 308, 1716844977090.8977], [555, 311, 1716844977237.7678]], lr
[[611, 256, 1716844978940.4802], [539, 253, 1716844979079.354], [459, 252, 1716844979249.0415], [408, 256, 1716844979396.3733], [311, 262, 1716844979576.278], [236, 265, 1716844979723.9465], [149, 267, 1716844979914.041]], rl
[[94, 322, 1716844981526.4707], [159, 305, 1716844981689.1929], [220, 302, 1716844981883.8186], [278, 293, 1716844982047.4558], [322, 292, 1716844982201.3765], [390, 294, 1716844982345.3364], [472, 289, 1716844982501.397], [537, 281, 1716844982684.0127], [587, 278, 1716844982858.0625], [618, 301, 1716844983014.1853]], lr
[[580, 275, 1716844984473.3147], [509, 286, 1716844984615.5847], [433, 291, 1716844984778.7097], [383, 290, 1716844984931.7324], [306, 293, 1716844985109.049], [235, 287, 1716844985259.2268], [174, 290, 1716844985449.7046]], rl
[[107, 316, 1716844987249.103], [174, 304, 1716844987436.2185], [241, 304, 1716844987609.329], [285, 298, 1716844987752.489], [359, 295, 1716844987941.5957], [425, 299, 1716844988116.372], [500, 298, 1716844988263.8862], [557, 300, 1716844988447.1262]], lr
[[584, 298, 1716844990463.738], [487, 294, 1716844990644.9233], [411, 288, 1716844990792.7078], [336, 286, 1716844990979.018], [267, 280, 1716844991163.197], [212, 272, 1716844991303.7817], [148, 267, 1716844991477.9924], [114, 290, 1716844991643.3525]], rl
[[369, 296, 1716844993918.153], [405, 299, 1716844994061.387], [452, 301, 1716844994204.033], [497, 303, 1716844994346.485], [530, 302, 1716844994491.5232], [570, 297, 1716844994678.042], [600, 292, 1716844994852.4604]], x
[[597, 270, 1716844996920.3958], [485, 260, 1716844997113.3179], [434, 259, 1716844997256.689], [349, 263, 1716844997440.9011], [272, 270, 1716844997618.2312]], rl
[[142, 297, 1716844999393.9075], [219, 285, 1716844999531.6902], [263, 285, 1716844999671.2476], [330, 293, 1716844999841.7168], [381, 291, 1716844999992.8186], [445, 289, 1716845000186.2727], [506, 288, 1716845000360.186], [540, 288, 1716845000503.2822], [578, 287, 1716845000694.0876]], lr
[[510, 278, 1716845002651.3083], [428, 282, 1716845002826.1104], [370, 282, 1716845002968.8958], [298, 281, 1716845003153.8982], [229, 269, 1716845003306.556], [144, 267, 1716845003480.54]], rl
[[358, 289, 1716845005896.3], [394, 291, 1716845006033.511], [451, 292, 1716845006188.7068], [503, 297, 1716845006376.4312], [546, 295, 1716845006556.449], [574, 293, 1716845006706.8174], [614, 294, 1716845006884.1013]], lr
[[627, 317, 1716845008011.815], [609, 293, 1716845008176.46], [561, 285, 1716845008361.562], [525, 279, 1716845008506.6067], [460, 273, 1716845008690.132], [378, 275, 1716845008841.6768], [317, 278, 1716845008986.2908], [243, 277, 1716845009174.3774]], rl
[[190, 313, 1716845011001.2664], [258, 309, 1716845011178.944], [300, 307, 1716845011328.8464], [373, 310, 1716845011508.2476], [440, 311, 1716845011672.962]], lr
